['0', '1', '2'], WER=0.12, matrix = [[ 0  0  0  0  0  0  0  0  1  0]
 [ 0  0  0  0  0  0  0  0  0  0]
 [ 0  0  0  0  0  0  0  0  0  0]
 [ 0  0  0  0  0  0  0  0  0  0]
 [ 0  0  0  0  1  0  0  0  0  0]
 [ 0  0  0  0  0  0  0  0  0  0]
 [ 3  6 10  7  8  6  7  8  3 10]
 [ 0  0  1  0  0  2  0  1  0  0]
 [ 0  0  0  0  0  1  0  0  0  0]
 [ 0  0  0  0  0  0  0  0  0  0]]
['0', '1', '3'], WER=0.08, matrix = [[ 0  0  0  0  0  0  0  0  1  0]
 [ 0  0  0  0  0  0  0  0  0  0]
 [ 0  0  0  0  0  0  0  0  0  0]
 [ 0  0  0  0  0  0  0  0  0  0]
 [ 0  0  0  0  0  0  0  0  0  0]
 [ 0  0  0  0  0  0  0  0  0  0]
 [ 3  6 11  7  9  7  6  9  3 10]
 [ 0  0  0  0  0  2  1  0  0  0]
 [ 0  0  0  0  0  0  0  0  0  0]
 [ 0  0  0  0  0  0  0  0  0  0]]
['0', '1', '4'], WER=0.09333333333333334, matrix = [[ 0  0  0  0  0  0  0  0  1  0]
 [ 0  0  0  0  0  0  0  0  0  0]
 [ 0  0  0  0  0  0  0  0  0  0]
 [ 0  0  0  0  0  0  0  0  0  0]
 [ 0  0  0  0  0  0  0  0  0  0]
 [ 0  0  0  0  0  0  0  0  0  0]
 [ 3  6 11  7  8  9  7  9  3 10]
 [ 0  0  0  0  1  0  0  0  0  0]
 [ 0  0  0  0  0  0  0  0  0  0]
 [ 0  0  0  0  0  0  0  0  0  0]]
['0', '1', '5'], WER=0.08, matrix = [[ 0  0  0  0  0  0  0  0  1  0]
 [ 0  0  0  0  0  0  0  0  0  0]
 [ 0  0  0  0  0  0  0  0  0  0]
 [ 0  0  0  0  0  0  0  0  0  0]
 [ 0  0  0  0  0  0  0  0  0  0]
 [ 0  0  0  0  0  0  0  0  0  0]
 [ 3  5 10  7  9  9  6  9  3 10]
 [ 0  1  1  0  0  0  1  0  0  0]
 [ 0  0  0  0  0  0  0  0  0  0]
 [ 0  0  0  0  0  0  0  0  0  0]]
['0', '1', '6'], WER=0.10666666666666667, matrix = [[ 0  0  0  0  0  0  0  0  1  0]
 [ 0  0  0  0  0  0  0  0  0  0]
 [ 0  0  0  0  0  0  0  0  0  0]
 [ 0  0  0  0  0  0  0  0  0  0]
 [ 0  0  0  0  0  0  0  0  0  0]
 [ 0  0  0  0  1  0  0  0  0  0]
 [ 3  6 10  6  7  8  7  8  3 10]
 [ 0  0  1  1  1  0  0  1  0  0]
 [ 0  0  0  0  0  1  0  0  0  0]
 [ 0  0  0  0  0  0  0  0  0  0]]
['0', '1', '7'], WER=0.09333333333333334, matrix = [[ 0  0  0  0  0  0  0  0  1  0]
 [ 0  0  0  0  0  0  0  0  0  0]
 [ 0  0  0  0  0  0  0  0  0  0]
 [ 0  0  0  0  0  0  0  0  0  0]
 [ 0  0  0  0  0  0  0  0  0  0]
 [ 0  0  0  0  0  0  0  0  0  0]
 [ 3  6 11  7  9  9  7  9  3  9]
 [ 0  0  0  0  0  0  0  0  0  1]
 [ 0  0  0  0  0  0  0  0  0  0]
 [ 0  0  0  0  0  0  0  0  0  0]]
['0', '1', '8'], WER=0.09333333333333334, matrix = [[ 0  0  0  0  0  0  0  0  1  0]
 [ 0  0  0  0  0  0  0  0  0  0]
 [ 0  0  0  0  0  0  0  0  0  0]
 [ 0  0  0  0  0  0  0  0  0  0]
 [ 0  0  0  0  0  0  0  0  0  0]
 [ 0  0  0  0  0  0  0  0  0  0]
 [ 3  5 11  7  8  8  7  9  3 10]
 [ 0  1  0  0  1  1  0  0  0  0]
 [ 0  0  0  0  0  0  0  0  0  0]
 [ 0  0  0  0  0  0  0  0  0  0]]
['0', '1', '9'], WER=0.10666666666666667, matrix = [[ 0  0  0  0  0  0  0  0  1  0]
 [ 0  0  0  0  0  0  0  0  0  0]
 [ 0  0  0  0  0  0  0  0  0  0]
 [ 0  0  0  0  0  0  0  0  0  0]
 [ 0  0  0  0  0  0  0  0  0  0]
 [ 0  0  0  0  0  0  0  0  0  0]
 [ 3  6 10  7  6  8  7  8  3 10]
 [ 0  0  1  0  3  1  0  1  0  0]
 [ 0  0  0  0  0  0  0  0  0  0]
 [ 0  0  0  0  0  0  0  0  0  0]]
['0', '1', '10'], WER=0.09333333333333334, matrix = [[ 0  0  0  0  0  0  0  0  1  0]
 [ 0  0  0  0  0  0  0  0  0  0]
 [ 0  0  0  0  0  0  0  0  0  0]
 [ 0  0  0  0  0  0  0  0  0  0]
 [ 0  0  0  0  0  0  0  0  0  0]
 [ 0  0  0  0  0  0  0  0  0  0]
 [ 3  6 10  7  7  9  7  9  3 10]
 [ 0  0  1  0  2  0  0  0  0  0]
 [ 0  0  0  0  0  0  0  0  0  0]
 [ 0  0  0  0  0  0  0  0  0  0]]
['0', '1', '11'], WER=0.10666666666666667, matrix = [[ 0  0  0  0  0  0  0  0  1  0]
 [ 0  0  0  0  0  0  0  0  0  0]
 [ 0  0  0  0  0  0  0  0  0  0]
 [ 0  0  0  0  0  0  0  0  0  0]
 [ 0  0  0  0  0  0  0  0  0  0]
 [ 0  0  0  0  0  0  0  0  0  0]
 [ 3  6 11  7  9  8  7  8  3  9]
 [ 0  0  0  0  0  1  0  1  0  0]
 [ 0  0  0  0  0  0  0  0  0  1]
 [ 0  0  0  0  0  0  0  0  0  0]]
['0', '1', '12'], WER=0.09333333333333334, matrix = [[ 0  0  0  0  0  0  0  0  1  0]
 [ 0  0  0  0  0  0  0  0  0  0]
 [ 0  0  0  0  0  0  0  0  0  0]
 [ 0  0  0  0  0  0  0  0  0  0]
 [ 0  0  0  0  0  0  0  0  0  0]
 [ 0  0  0  0  0  0  0  0  0  0]
 [ 1  6 10  7  9  8  6  8  3  9]
 [ 2  0  0  0  0  1  1  1  0  1]
 [ 0  0  1  0  0  0  0  0  0  0]
 [ 0  0  0  0  0  0  0  0  0  0]]
['0', '2', '3'], WER=0.09333333333333334, matrix = [[ 0  0  0  0  0  0  0  0  1  0]
 [ 0  0  0  0  0  0  0  0  0  0]
 [ 0  0  0  0  0  0  0  0  0  0]
 [ 0  0  0  0  0  0  0  0  0  0]
 [ 0  0  0  0  0  0  0  0  0  0]
 [ 0  0  0  0  0  0  0  0  0  0]
 [ 3  6 10  7  8  8  7  8  3  9]
 [ 0  0  1  0  1  1  0  0  0  1]
 [ 0  0  0  0  0  0  0  1  0  0]
 [ 0  0  0  0  0  0  0  0  0  0]]
['0', '2', '4'], WER=0.08, matrix = [[ 0  0  0  0  0  0  0  0  1  0]
 [ 0  0  0  0  0  0  0  0  0  0]
 [ 0  0  0  0  0  0  1  0  0  0]
 [ 0  0  0  0  0  0  0  0  0  0]
 [ 0  0  0  0  0  0  0  0  0  0]
 [ 0  1  0  0  0  0  0  0  0  0]
 [ 2  3 10  7  7  9  6  7  3  8]
 [ 0  0  0  0  1  0  0  0  0  0]
 [ 1  2  1  0  1  0  0  2  0  2]
 [ 0  0  0  0  0  0  0  0  0  0]]
['0', '2', '5'], WER=0.09333333333333334, matrix = [[ 0  0  0  0  0  0  0  0  1  0]
 [ 0  0  0  0  0  0  0  0  0  0]
 [ 0  0  0  0  0  0  0  0  0  0]
 [ 0  0  0  0  0  0  0  0  0  0]
 [ 0  0  0  0  0  0  0  0  0  0]
 [ 0  0  0  0  0  0  0  0  0  0]
 [ 3  3 10  6  7  8  7  9  2 10]
 [ 0  1  1  0  2  1  0  0  1  0]
 [ 0  2  0  1  0  0  0  0  0  0]
 [ 0  0  0  0  0  0  0  0  0  0]]
['0', '2', '6'], WER=0.09333333333333334, matrix = [[0 0 0 0 0 0 0 0 1 0]
 [0 0 0 0 0 0 0 0 0 0]
 [0 0 0 0 0 0 0 0 0 0]
 [0 0 0 0 0 0 0 0 0 0]
 [0 0 0 0 0 0 0 0 0 0]
 [0 0 1 0 0 0 0 0 0 0]
 [2 6 9 6 8 8 7 9 2 8]
 [1 0 1 1 1 1 0 0 1 2]
 [0 0 0 0 0 0 0 0 0 0]
 [0 0 0 0 0 0 0 0 0 0]]
['0', '2', '7'], WER=0.09333333333333334, matrix = [[0 0 0 0 0 0 0 0 1 0]
 [0 0 0 0 0 0 0 0 0 0]
 [0 0 0 0 0 0 0 0 0 0]
 [0 0 0 0 0 0 0 0 0 0]
 [0 0 0 0 0 0 0 0 0 0]
 [0 0 0 0 0 0 0 0 0 0]
 [3 6 8 7 8 9 7 9 3 9]
 [0 0 3 0 1 0 0 0 0 1]
 [0 0 0 0 0 0 0 0 0 0]
 [0 0 0 0 0 0 0 0 0 0]]
['0', '2', '8'], WER=0.09333333333333334, matrix = [[ 0  0  0  0  0  0  0  0  1  0]
 [ 0  0  0  0  0  0  0  0  0  0]
 [ 0  0  0  0  0  0  0  0  0  0]
 [ 0  0  0  0  0  0  0  0  0  0]
 [ 0  0  0  0  0  0  0  0  0  0]
 [ 0  0  0  0  0  0  0  0  0  0]
 [ 2  6 10  7  9  8  7  9  3 10]
 [ 1  0  1  0  0  1  0  0  0  0]
 [ 0  0  0  0  0  0  0  0  0  0]
 [ 0  0  0  0  0  0  0  0  0  0]]
['0', '2', '9'], WER=0.10666666666666667, matrix = [[ 0  0  0  0  0  0  0  0  1  0]
 [ 0  0  0  0  0  0  0  0  0  0]
 [ 0  0  0  0  0  0  0  0  0  0]
 [ 0  0  0  0  0  0  0  0  0  0]
 [ 0  0  0  0  0  0  0  0  0  0]
 [ 0  0  0  0  1  0  0  0  0  0]
 [ 3  6 11  7  8  9  7  8  3  9]
 [ 0  0  0  0  0  0  0  1  0  1]
 [ 0  0  0  0  0  0  0  0  0  0]
 [ 0  0  0  0  0  0  0  0  0  0]]
['0', '2', '10'], WER=0.08, matrix = [[0 0 0 0 0 0 0 0 1 0]
 [0 0 0 0 0 0 0 0 0 0]
 [0 0 0 0 0 0 0 0 0 0]
 [0 0 0 0 0 0 0 0 0 0]
 [0 0 0 0 0 0 0 0 0 0]
 [0 0 1 0 2 0 0 1 0 0]
 [3 5 9 7 7 9 6 8 3 8]
 [0 0 1 0 0 0 1 0 0 2]
 [0 1 0 0 0 0 0 0 0 0]
 [0 0 0 0 0 0 0 0 0 0]]
['0', '2', '11'], WER=0.10666666666666667, matrix = [[ 0  0  0  0  0  0  0  0  1  0]
 [ 0  0  0  0  0  0  0  0  0  0]
 [ 0  0  0  0  0  0  0  0  0  0]
 [ 0  1  1  1  0  0  0  0  0  0]
 [ 0  0  0  0  0  0  0  0  0  0]
 [ 0  0  0  0  0  0  0  0  0  0]
 [ 3  5  9  5  8  9  7  9  3 10]
 [ 0  0  1  1  1  0  0  0  0  0]
 [ 0  0  0  0  0  0  0  0  0  0]
 [ 0  0  0  0  0  0  0  0  0  0]]
['0', '2', '12'], WER=0.09333333333333334, matrix = [[ 0  0  0  0  0  0  0  0  1  0]
 [ 0  0  0  0  0  0  0  0  0  0]
 [ 0  0  0  0  0  0  0  0  0  0]
 [ 0  0  0  0  0  0  0  0  0  0]
 [ 0  0  0  0  0  0  0  0  0  0]
 [ 0  0  0  0  0  0  0  0  0  0]
 [ 3  5 11  7  9  8  7  9  3  9]
 [ 0  1  0  0  0  1  0  0  0  1]
 [ 0  0  0  0  0  0  0  0  0  0]
 [ 0  0  0  0  0  0  0  0  0  0]]
['0', '3', '4'], WER=0.12, matrix = [[0 0 0 0 0 0 0 0 1 0]
 [0 0 0 0 0 0 0 0 0 0]
 [0 0 2 0 0 0 0 2 0 1]
 [0 0 0 0 0 0 0 0 0 0]
 [0 0 0 0 0 0 0 0 0 0]
 [0 0 0 0 0 0 0 0 0 0]
 [3 3 6 7 6 8 5 5 3 8]
 [0 3 3 0 3 1 2 2 0 0]
 [0 0 0 0 0 0 0 0 0 1]
 [0 0 0 0 0 0 0 0 0 0]]
['0', '3', '5'], WER=0.12, matrix = [[0 0 0 0 0 0 0 0 1 0]
 [1 1 0 0 0 0 0 0 0 0]
 [0 0 0 0 0 0 0 0 0 0]
 [0 0 0 0 0 0 0 0 0 0]
 [0 0 0 0 0 0 0 0 0 0]
 [0 0 0 1 0 0 0 0 0 0]
 [2 5 8 5 7 7 7 8 3 8]
 [0 0 1 1 1 0 0 1 0 1]
 [0 0 2 0 1 2 0 0 0 1]
 [0 0 0 0 0 0 0 0 0 0]]
['0', '3', '6'], WER=0.10666666666666667, matrix = [[ 0  0  0  0  0  0  0  0  1  0]
 [ 0  0  0  0  0  0  0  0  0  0]
 [ 0  0  0  0  0  0  0  0  0  0]
 [ 0  0  0  0  0  0  0  0  0  0]
 [ 0  0  0  0  0  0  0  0  0  0]
 [ 0  0  0  0  0  0  0  0  0  0]
 [ 3  6 11  7  8  9  7  9  3  9]
 [ 0  0  0  0  1  0  0  0  0  0]
 [ 0  0  0  0  0  0  0  0  0  0]
 [ 0  0  0  0  0  0  0  0  0  1]]
['0', '3', '7'], WER=0.10666666666666667, matrix = [[ 0  0  0  0  0  0  0  0  1  0]
 [ 0  0  0  0  0  0  0  0  0  0]
 [ 0  0  0  0  0  0  0  0  0  0]
 [ 0  0  0  0  0  0  0  0  0  0]
 [ 0  0  0  0  0  0  0  0  0  0]
 [ 0  0  0  0  0  0  0  0  0  0]
 [ 2  6  9  5  8  8  6  7  3 10]
 [ 1  0  2  2  1  1  1  2  0  0]
 [ 0  0  0  0  0  0  0  0  0  0]
 [ 0  0  0  0  0  0  0  0  0  0]]
