,heart,chest,blood
0,0.35169613864177124,0.91447897800141,0.10889235802324752
1,0.34669699321021324,0.9025661087306743,0.11636580733158408
2,0.36529620142247315,1.000203034205247,0.11723951160487638
3,0.36214453009354725,1.0044569392282163,0.11295122369735683
4,0.36944436888495297,0.9770351677514688,0.11477440789497617
5,0.3553587097703908,0.9572090994157142,0.10974773272687385
6,0.3564886539314581,0.9410424157656794,0.11054390630803142
7,0.3470498714689644,0.93707504582117,0.11508827466740998
8,0.3628945448570944,0.9995078867591806,0.10890918076529475
9,0.35169892050896595,0.9699528100905599,0.10967806673644868
10,0.37032648007300145,0.9029622167110989,0.1148641762303585
11,0.3576734854366737,0.9110212942559841,0.11270711562954908
12,0.3524131473038657,0.9260131627387286,0.11613863354849831
13,0.3526829011245931,0.9205662453974851,0.11453291980534767
14,0.3529367311303122,0.9474010409705653,0.11592502927840342
15,0.3546985110187162,0.9549789596885371,0.12089238155798954
16,0.3502465898538879,0.9967287685993123,0.11371935778355442
17,0.3634852489685026,0.9692465810348397,0.11367902863640836
18,0.36056574302194494,0.912573260426944,0.12130687157179847
19,0.35978511164731386,0.8905274815988662,0.11829001243026252
20,0.3657975467630155,0.9481985935513197,0.11378711211470842
21,0.3590128338242397,0.9953689308399085,0.10917076011026625
22,0.35023280120814143,0.9909332634997758,0.11283663727281756
23,0.36105837024379783,0.9343553015964433,0.10755065800491558
24,0.3628099335913307,0.942945503499097,0.10698950961450462
25,0.3671836685176853,0.968802926104949,0.11552174334405388
26,0.36464666575502486,0.949149841841061,0.11886669091818956
27,0.37277345723542393,0.9481315036771678,0.1091533385390468
28,0.34558678399364523,0.9231198644487641,0.12377845646876649
29,0.3571360015511501,0.9475028855634415,0.1148155516026682
30,0.34812999543984363,1.0291658367690515,0.11251806175732908
31,0.35172826366237736,0.9632409823312877,0.1134146644775065
32,0.35135579538520517,0.9155042108244057,0.10832631700953346
33,0.36701345524668527,0.9811439671343193,0.11735987579899138
34,0.35833397252406585,0.9592999639126901,0.11513871200230669
35,0.3384505728023028,1.0044307320758423,0.10946779205039421
36,0.3547777406223108,0.929715913974181,0.11235504126562879
37,0.35054720322947625,0.9647555510316754,0.11516347210041965
38,0.36199953752916103,0.9293034821492685,0.11821107221258682
39,0.36578153632111565,0.9302301593359918,0.12067976804453273
40,0.35028079918369254,0.9205572950735132,0.11015211291871294
41,0.35850323510025706,0.9438361113223429,0.11436213386918899
42,0.3551311752365033,0.9337175863388647,0.11754189709986826
43,0.3509577807193413,0.9576168445052605,0.11741684483581043
44,0.3619414673858972,0.9570728995280721,0.11581873011996467
45,0.37281345593540416,0.9468503912283157,0.11449575070274101
46,0.3536743069164866,0.983226078086159,0.11295171937155159
47,0.35428839770832377,0.9757412989669046,0.11748714418016201
48,0.36654018262016697,0.9172715346120823,0.10224071392019074
49,0.3651145565968239,0.9704265745387918,0.10670574391019345
50,0.357909284094827,0.9760043626328005,0.11629112422810016
51,0.3603964530174922,1.0577464614179408,0.1161953600384474
52,0.3627354411202838,0.9363403958223843,0.1098731164104298
53,0.35332465702973714,1.0248314460473187,0.11268797503460001
54,0.35596734326889756,0.957296309293127,0.11236488488283729
55,0.35917259425283216,0.9281957819127188,0.11541797539833655
56,0.3711492482135585,0.8794225270280763,0.11235420043284677
57,0.3708837043596748,0.9338152796818624,0.10760712972579031
58,0.35029709410635246,0.9752199324898054,0.11801946244880543
59,0.36283870382642314,0.9624278384594364,0.12000565320054998
60,0.34768515332314104,0.965291926478086,0.11950922094932051
61,0.35949060879066097,0.9780170419470962,0.11393226185650002
62,0.3537153315196835,0.94331742351492,0.11543934525991349
63,0.36444737634454116,0.9020312150142715,0.11047630823534949
64,0.3574668511831395,0.9487076585418684,0.11052717236627539
65,0.36881807237821684,0.9138825781400262,0.11473974912718908
66,0.37711939758794893,0.9483434969794482,0.11478190011773257
67,0.358956609141301,0.9480540329551248,0.11105191065895587
68,0.36305059769569525,0.9722982779272066,0.11337476609443899
69,0.3573655661269556,0.9496732809300406,0.11697192847892428
70,0.3474968617001452,0.98814019391682,0.11312576035097585
71,0.36348732258812577,0.9604829664159165,0.111610982541994
72,0.3647331772246674,0.9371083723043706,0.11401183400034647
73,0.3585379160752549,0.9277523187220199,0.11004057170574101
74,0.35048526186270335,0.9710877971111685,0.11358371291885404
75,0.3603201257251091,0.9725754994510882,0.1167262249777676
76,0.35817480754452513,0.9225645071905266,0.11948999359719432
77,0.36502671155964916,0.936619563720767,0.10848703660025115
78,0.3601029058104556,0.9942156760392968,0.11530079512058482
79,0.36393252835948503,0.9698128088111735,0.11608844341974746
80,0.3528920656409299,0.9188848355892482,0.11503582410976172
81,0.357177695527985,1.0154704869947373,0.11074826034707211
82,0.360956350523803,1.0136826660937641,0.12120838860590115
83,0.35069910753296113,0.8949225748895678,0.11571256437655722
84,0.3439418256388918,0.9668613633906218,0.11517656538856709
85,0.36123498773450424,0.9572044300032965,0.11616298246340702
86,0.35167459376201615,0.9704906394041144,0.11882132276936717
87,0.36689880199540664,0.9337482841133941,0.11084926974565514
88,0.34606248584040933,0.9432511864247387,0.10978391807765098
89,0.34061409955711264,0.9611814049350014,0.1049837508125245
90,0.3492287844078092,0.9412978199119425,0.11117643092761507
91,0.36006589570954406,0.9367549071494973,0.11869374615402974
92,0.35180273736543805,0.9612534096070585,0.1110715973776726
93,0.3537008876473116,0.9381614568123436,0.11216660617722475
94,0.3507393172651334,1.0173725014338413,0.11825741698386658
95,0.358048316884894,0.9415204430440314,0.11730450758074093
96,0.3553800614441176,0.9084558353122789,0.1132224470328819
97,0.36032335684702554,0.904533813349389,0.11769743012050403
98,0.36791560677263835,0.9646180864817023,0.11714507949827778
99,0.35248968644633505,1.0326915517486313,0.10529215898410213
