,heart,chest,blood
0,0.3535343017743789,0.9619074753517615,0.11053106733563663
1,0.3596573158205556,0.9497605370554052,0.11804305209573636
2,0.34129451778064146,0.9137933461943518,0.11871338768430406
3,0.3481755892504421,0.9875945943092969,0.1159221240618119
4,0.3552424028610683,0.9643158545658429,0.10656827231380166
5,0.34577298286165675,0.95944288052516,0.11779775249703511
6,0.35760086097365323,0.9224066664446219,0.10978716771691734
7,0.3541435552784124,1.017348370828085,0.10909236345304711
8,0.36684039638934124,0.9556228212883584,0.11192075355596894
9,0.36336760707044585,0.931319922232174,0.11443668300990478
10,0.3646233139427845,0.9290470590889943,0.11410956293902169
11,0.3609609659218182,0.9382294406754854,0.11651222818882816
12,0.3616031031209226,0.9691956400242676,0.11401241003611315
13,0.35902323860802954,0.9277700967713373,0.11627415703831438
14,0.36261632468785276,0.9537471375442325,0.11557894100392342
15,0.356890170451451,1.0314270854237668,0.11717454220999458
16,0.3458747062901397,0.9736657967660198,0.1186039775258099
17,0.35213394838183937,0.8834221110175001,0.11152445965732544
18,0.3526219531850992,0.8981689736933558,0.10833216335023724
19,0.3664712281516171,0.9570672074251722,0.10847248892417184
20,0.3613185947894791,0.9914903299916287,0.11100523668130784
21,0.3599794648577011,0.9774242145141576,0.10957310905989504
22,0.3759120987134141,0.9692834358483747,0.11851840326690541
23,0.3571351295546886,0.9375947236687868,0.11080521643216593
24,0.348080123154626,0.9742380436158663,0.11920150357437025
25,0.36476528023417865,0.9496702460914157,0.11609901360336503
26,0.34969936531333723,0.9532097153562831,0.10798982449060254
27,0.36346811944185137,0.9685818894322225,0.11432965370167035
28,0.35575419817022536,0.9257101724450386,0.11328566768631197
29,0.3490971882239129,0.9201709537687632,0.11011818752555162
30,0.35956128865362585,0.9316671413304112,0.117097299652616
31,0.3501331144704967,1.0418283444052843,0.11794265612908482
32,0.3553693813803467,0.8848961314735295,0.11381621875570333
33,0.3567204896939033,0.9640703847614678,0.11957790000655122
34,0.3629623684821737,0.9216902319810143,0.11225251017442238
35,0.3570591753385628,0.9671277704942975,0.11977814267246152
36,0.36806472901176573,0.9781815563170184,0.11253371549118457
37,0.3630671916897254,0.9761285886643642,0.12247910624981422
38,0.3667639387834284,0.9393572269975574,0.12055311852451485
39,0.36471225697136134,0.9625525933992232,0.11484918840763371
40,0.35332158994534485,0.9315630601930793,0.11747795821897065
41,0.35099750738970376,0.965259429348464,0.11389504749828602
42,0.3627006121182561,0.9318853684021007,0.11220618106982634
43,0.35018220040312165,0.964230090102878,0.1163737135028956
44,0.35290435542157483,0.9301833332739393,0.11866274239523308
45,0.35217574453969824,0.9523447775853903,0.11207516209966685
46,0.349598966836626,0.9548465010116364,0.11729085812864326
47,0.36805022393523656,0.9227872113374779,0.11299115173460364
48,0.34365550412597706,0.9900015256550894,0.11267890886066835
49,0.3392257343950482,0.900847245735402,0.11344515164649177
50,0.3392765573723612,0.9445250725160396,0.12255106884974834
51,0.3541652654776251,0.9877994219877596,0.11143338232996342
52,0.3482489155639381,0.9925583249180232,0.11474846356934258
53,0.3648510667550436,0.90728746623643,0.11882477632571835
54,0.36679054306182945,0.9702053588802586,0.11625186147862901
55,0.34981138335109063,0.9104320229247787,0.11851497505673757
56,0.35117292477415224,0.9875605387623917,0.11984056455383238
57,0.3661235565613852,0.9504380585023482,0.10949380150977825
58,0.37204595382908684,0.9548168929797495,0.1136053761238799
59,0.35066928737856773,0.933961871025723,0.11318702932383952
60,0.33760979244425265,0.8685656877150411,0.11959419608610829
61,0.3596588057993596,1.0006627857137662,0.11976663646337608
62,0.36327363942880303,0.966919158989826,0.1148074693360039
63,0.34693586338369714,0.9619147274996794,0.1091964704359174
64,0.35903254455199485,0.9105981477158305,0.11010597349937644
65,0.36116236560086434,0.9511579513793919,0.10968530880483442
66,0.3496028891852236,0.9493844042707986,0.11168900422555084
67,0.3688954751338567,0.9397185419052301,0.10963793568971043
68,0.36778716657350136,0.9255179908327853,0.11180689311538604
69,0.3490708599847478,0.9975415429162703,0.11359299603368993
70,0.3637659995152589,0.8784469166361765,0.11220180247024782
71,0.36630921433605457,0.958554613564495,0.11407968439523897
72,0.3715952243556272,0.9601842937639947,0.11864281598833142
73,0.36658348203085706,0.9285947842371068,0.1155687125081467
74,0.35460781649433,0.9313097019178923,0.12372522517043026
75,0.354463607904014,0.8998439947778196,0.11295974747887486
76,0.3606642906810739,0.9902677968932502,0.1210315913822407
77,0.351521044282325,0.9820138604725883,0.1155758944073257
78,0.3586837360444812,0.9109304684527366,0.11118296225059006
79,0.3553980033114593,0.9058547528043409,0.11331332168674084
80,0.3582656585085481,0.940297447693468,0.12007048555908999
81,0.35913936973327915,0.8922962113228015,0.11956531569253569
82,0.3602146959124097,0.9648092774528992,0.10871688402239056
83,0.36377505133428045,0.9071999135807879,0.11370451162210758
84,0.3632600895977643,0.8965447164568878,0.11541338478603873
85,0.359303293109151,0.9862326443056743,0.12097743950932491
86,0.3533667304220305,0.9435598108498743,0.12490513738464422
87,0.35256050819786333,0.9626542902892788,0.11116398519494407
88,0.3580569383430672,0.9952036943958776,0.1134567907482062
89,0.35927076278155673,0.9232958082085926,0.11526045796140887
90,0.34794190509730694,0.9982290401856463,0.1110643956618825
91,0.3569740323187982,0.9203098121736758,0.1136921600489706
92,0.3532302304080211,0.949877109455428,0.11057678829424393
93,0.3630743925109121,0.903786322137321,0.11595681215910753
94,0.3528274811076437,0.989287365968977,0.11711616411271772
95,0.35968706912931886,0.9337302818735361,0.11667534793896639
96,0.3515525112426653,0.9666088636888942,0.11341856110704258
97,0.3488704547888069,0.9581957498876085,0.11291313794556987
98,0.3583904335589907,0.9439490265888507,0.11532051999366737
99,0.3673335492199791,0.9086000218446335,0.12289952209900706
