,heart,chest,blood
0,0.3528382914056892,0.9312720515113646,0.11379141739420764
1,0.3615439026689099,0.926577635604765,0.10573652958880089
2,0.37066346131761063,0.9483401179859847,0.11459890206507824
3,0.37561808104637917,0.9563684673078044,0.10762503351464658
4,0.3689817281693766,0.9146517618493445,0.1103073272439488
5,0.35632803016911085,0.9508364568486052,0.10618295879654709
6,0.35396986707828226,0.8802576289751803,0.11249224619395867
7,0.352686321580764,0.9378841511478787,0.10949268309150738
8,0.36667114145522006,0.971759583617603,0.11390962306267925
9,0.38569990380320446,1.1632229748566871,0.11950477701500015
10,0.361380635540004,0.9052625488195937,0.11645532444757077
11,0.3493967926761787,0.9245581601517155,0.11548767319116118
12,0.3532332252394471,0.8953012655654679,0.11493844128865338
13,0.3704655620941543,0.9448979961771425,0.10509561800662413
14,0.3617169735839373,0.9208023974760103,0.11224176622425813
15,0.3630943370093582,0.8842002349200497,0.11346822437403455
16,0.35789086112525953,0.9598873016102109,0.11653889066420312
17,0.3726077579529017,0.9563692210161859,0.1115421538505881
18,0.36230454693746983,0.9091731511684975,0.11905004687238288
19,0.35924656608779754,0.9136950215840657,0.11766547926934766
20,0.36192968897633276,0.8849427320367294,0.10576198805052574
21,0.34526930932147565,0.9601599947038769,0.11035106454343002
22,0.3586476071856821,0.9256502167860402,0.11516612607838203
23,0.36509568677604326,0.966002072993467,0.11907853645446113
24,0.35552691621546223,0.9844336488567665,0.10589438420461238
25,0.35352870119078045,0.9462645955416673,0.11298434917395123
26,0.3697081721476033,0.9632518972906711,0.10506045688883046
27,0.3540558136056837,0.9734513905685197,0.10928149737149967
28,0.371177763245327,1.024770786779806,0.11864101651815266
29,0.3517302797114833,0.881380658630548,0.11827428697481272
30,0.35979237817455084,0.9785622512234237,0.1143500464305434
31,0.3598314204053822,0.9707384607273537,0.11225586585303587
32,0.3598586899335323,0.9093366558669406,0.11464568261272584
33,0.35925405790825576,1.0039673768673336,0.11015204113619553
34,0.37265987181248383,0.9261238545373673,0.11544396865803286
35,0.39515977670038777,1.0266974829217965,0.12034815202374999
36,0.3644145112882357,0.9744506731142863,0.10899409538000424
37,0.36478852764675523,0.9381792509505875,0.12094314007740994
38,0.3570855743153956,0.9378838286332783,0.11138204225080565
39,0.3647496637310961,0.8542226363671482,0.11528693015492814
40,0.353015950802413,0.8866127559148471,0.11030562113085501
41,0.35777684178393726,0.8888239829529962,0.11376722154638756
42,0.3634695704248732,0.8967253046044471,0.11458023152013344
43,0.3598369604727104,0.9297012055955006,0.10973290663665138
44,0.367549026975069,1.0069656302923715,0.1170255405766821
45,0.3933464340692068,0.9799938607960983,0.107407204476711
46,0.35833133102798836,0.8723397734106058,0.11134321840765564
47,0.360783316306017,0.9396358514119683,0.11879522507551353
48,0.3526481127123572,0.8902586028241158,0.10524097575143185
49,0.3626036478228166,0.9179606907613901,0.10577933543340849
50,0.3644774952211723,0.9073285434143233,0.1243335755209545
51,0.35992634186211064,0.9224530929756337,0.11852146426226665
52,0.37176926381361075,0.9389114890824865,0.11356226798473727
53,0.35169414656498316,0.9006218785998972,0.11456929577694529
54,0.37034759763512803,0.9906937262616836,0.11514656752313605
55,0.3562116023498763,0.899861525418293,0.11028130953838094
56,0.35563515176708577,0.9659513772798871,0.11593996651989129
57,0.35424761817266726,0.909756393620662,0.11594520940501449
58,0.37194498728117864,0.9036275431798951,0.12062073581780315
59,0.35985521582749214,0.92678596040445,0.11249843935221687
60,0.3734094582243479,0.9807066773564413,0.10942173353267452
61,0.3510295416323472,0.9263539216144272,0.10945573928626269
62,0.37430580040646416,0.9375300129490565,0.10852580458944468
63,0.35252350027214513,0.9320237537307412,0.11012277457329675
64,0.36810636490940907,0.9464350330808233,0.10829573226738239
65,0.3635782439367468,0.9062295190504279,0.12096648248208153
66,0.36450118890245975,0.9842942382179245,0.11657314664217024
67,0.3600768617003223,0.9659837994461178,0.11381877315987607
68,0.3765834850786719,0.9211787091411102,0.10795607118188096
69,0.35970883337954274,0.8884250006093726,0.11387398136487158
70,0.364896110986382,0.8987679457387463,0.1161503768863083
71,0.35472478307383226,0.8493339218164485,0.10800028909499632
72,0.3612125012775145,0.943375376331371,0.11897771356657695
73,0.3551134148554157,0.9588120369400212,0.11247686262429661
74,0.35874819771839866,0.947492796074775,0.11046244877378562
75,0.3574499854520306,0.9555851882150556,0.11343803842186057
76,0.35571297043612565,0.9869761093316309,0.1129342494502539
77,0.3582726562129501,0.9255034844202614,0.1119981074586218
78,0.35480012857946375,0.924429716424567,0.10577308757457235
79,0.3530236214290828,0.9406431245260826,0.1185334052073115
80,0.36172492970415465,0.9345937558882647,0.11615559930826833
81,0.364273564189168,1.0354565903315402,0.11095497067265477
82,0.3630110164318734,0.9144727985959296,0.1106866327131256
83,0.35202597821931286,0.8922770305531516,0.1091504372206005
84,0.36275841147788296,0.9496404377390202,0.10740956138273668
85,0.36403338067195534,0.890768962322312,0.11548108878819219
86,0.36053444864633494,0.9276501118410109,0.1080764745077177
87,0.3743258207778498,0.9742507486165326,0.10926137063482168
88,0.36969463902384875,0.9347988400894068,0.11362317986792322
89,0.3823393298848464,1.0044501773319443,0.13926315954217003
90,0.3655702517523613,0.9238473125434344,0.11654648689096525
91,0.3642356600348415,0.9224844256032303,0.12522459553236942
92,0.36200074479080846,0.9050051615958637,0.11529630074964524
93,0.3631110024347869,0.9973661462224517,0.11135405746021597
94,0.36351497832856594,1.0085378361037125,0.10887113937790514
95,0.3575435671435872,0.916266536923306,0.11592575757293437
96,0.36644561604270753,1.0430153763341128,0.11441017498281965
97,0.3425679904360985,0.9111885608065509,0.11666567762652591
98,0.3520010722388477,0.8499382912455381,0.11020298519952151
99,0.3546374850610947,0.9360294401288695,0.10884320065324064
